{
 "cells": [
  {
   "cell_type": "code",
   "execution_count": 1,
   "metadata": {},
   "outputs": [],
   "source": [
    "import numpy as np\n",
    "import pandas as pd\n",
    "import matplotlib.pyplot as plt\n",
    "import seaborn as sns"
   ]
  },
  {
   "cell_type": "code",
   "execution_count": 2,
   "metadata": {
    "scrolled": true
   },
   "outputs": [
    {
     "data": {
      "text/html": [
       "<div>\n",
       "<style scoped>\n",
       "    .dataframe tbody tr th:only-of-type {\n",
       "        vertical-align: middle;\n",
       "    }\n",
       "\n",
       "    .dataframe tbody tr th {\n",
       "        vertical-align: top;\n",
       "    }\n",
       "\n",
       "    .dataframe thead th {\n",
       "        text-align: right;\n",
       "    }\n",
       "</style>\n",
       "<table border=\"1\" class=\"dataframe\">\n",
       "  <thead>\n",
       "    <tr style=\"text-align: right;\">\n",
       "      <th></th>\n",
       "      <th>CRIM</th>\n",
       "      <th>ZN</th>\n",
       "      <th>INDUS</th>\n",
       "      <th>CHAS</th>\n",
       "      <th>NOX</th>\n",
       "      <th>RM</th>\n",
       "      <th>AGE</th>\n",
       "      <th>DIS</th>\n",
       "      <th>RAD</th>\n",
       "      <th>TAX</th>\n",
       "      <th>PTRATIO</th>\n",
       "      <th>B</th>\n",
       "      <th>LSTAT</th>\n",
       "      <th>MEDV</th>\n",
       "    </tr>\n",
       "  </thead>\n",
       "  <tbody>\n",
       "    <tr>\n",
       "      <th>455</th>\n",
       "      <td>4.75237</td>\n",
       "      <td>0.0</td>\n",
       "      <td>18.10</td>\n",
       "      <td>0</td>\n",
       "      <td>0.713</td>\n",
       "      <td>6.525</td>\n",
       "      <td>86.5</td>\n",
       "      <td>2.4358</td>\n",
       "      <td>24</td>\n",
       "      <td>666</td>\n",
       "      <td>20.2</td>\n",
       "      <td>50.92</td>\n",
       "      <td>18.13</td>\n",
       "      <td>14.1</td>\n",
       "    </tr>\n",
       "    <tr>\n",
       "      <th>431</th>\n",
       "      <td>10.06230</td>\n",
       "      <td>0.0</td>\n",
       "      <td>18.10</td>\n",
       "      <td>0</td>\n",
       "      <td>0.584</td>\n",
       "      <td>6.833</td>\n",
       "      <td>94.3</td>\n",
       "      <td>2.0882</td>\n",
       "      <td>24</td>\n",
       "      <td>666</td>\n",
       "      <td>20.2</td>\n",
       "      <td>81.33</td>\n",
       "      <td>19.69</td>\n",
       "      <td>14.1</td>\n",
       "    </tr>\n",
       "    <tr>\n",
       "      <th>448</th>\n",
       "      <td>9.32909</td>\n",
       "      <td>0.0</td>\n",
       "      <td>18.10</td>\n",
       "      <td>0</td>\n",
       "      <td>0.713</td>\n",
       "      <td>6.185</td>\n",
       "      <td>98.7</td>\n",
       "      <td>2.2616</td>\n",
       "      <td>24</td>\n",
       "      <td>666</td>\n",
       "      <td>20.2</td>\n",
       "      <td>396.90</td>\n",
       "      <td>18.13</td>\n",
       "      <td>14.1</td>\n",
       "    </tr>\n",
       "    <tr>\n",
       "      <th>421</th>\n",
       "      <td>7.02259</td>\n",
       "      <td>0.0</td>\n",
       "      <td>18.10</td>\n",
       "      <td>0</td>\n",
       "      <td>0.718</td>\n",
       "      <td>6.006</td>\n",
       "      <td>95.3</td>\n",
       "      <td>1.8746</td>\n",
       "      <td>24</td>\n",
       "      <td>666</td>\n",
       "      <td>20.2</td>\n",
       "      <td>319.98</td>\n",
       "      <td>15.70</td>\n",
       "      <td>14.2</td>\n",
       "    </tr>\n",
       "    <tr>\n",
       "      <th>433</th>\n",
       "      <td>5.58107</td>\n",
       "      <td>0.0</td>\n",
       "      <td>18.10</td>\n",
       "      <td>0</td>\n",
       "      <td>0.713</td>\n",
       "      <td>6.436</td>\n",
       "      <td>87.9</td>\n",
       "      <td>2.3158</td>\n",
       "      <td>24</td>\n",
       "      <td>666</td>\n",
       "      <td>20.2</td>\n",
       "      <td>100.19</td>\n",
       "      <td>16.22</td>\n",
       "      <td>14.3</td>\n",
       "    </tr>\n",
       "    <tr>\n",
       "      <th>...</th>\n",
       "      <td>...</td>\n",
       "      <td>...</td>\n",
       "      <td>...</td>\n",
       "      <td>...</td>\n",
       "      <td>...</td>\n",
       "      <td>...</td>\n",
       "      <td>...</td>\n",
       "      <td>...</td>\n",
       "      <td>...</td>\n",
       "      <td>...</td>\n",
       "      <td>...</td>\n",
       "      <td>...</td>\n",
       "      <td>...</td>\n",
       "      <td>...</td>\n",
       "    </tr>\n",
       "    <tr>\n",
       "      <th>43</th>\n",
       "      <td>0.15936</td>\n",
       "      <td>0.0</td>\n",
       "      <td>6.91</td>\n",
       "      <td>0</td>\n",
       "      <td>0.448</td>\n",
       "      <td>6.211</td>\n",
       "      <td>6.5</td>\n",
       "      <td>5.7209</td>\n",
       "      <td>3</td>\n",
       "      <td>233</td>\n",
       "      <td>17.9</td>\n",
       "      <td>394.46</td>\n",
       "      <td>7.44</td>\n",
       "      <td>24.7</td>\n",
       "    </tr>\n",
       "    <tr>\n",
       "      <th>289</th>\n",
       "      <td>0.04297</td>\n",
       "      <td>52.5</td>\n",
       "      <td>5.32</td>\n",
       "      <td>0</td>\n",
       "      <td>0.405</td>\n",
       "      <td>6.565</td>\n",
       "      <td>22.9</td>\n",
       "      <td>7.3172</td>\n",
       "      <td>6</td>\n",
       "      <td>293</td>\n",
       "      <td>16.6</td>\n",
       "      <td>371.72</td>\n",
       "      <td>9.51</td>\n",
       "      <td>24.8</td>\n",
       "    </tr>\n",
       "    <tr>\n",
       "      <th>251</th>\n",
       "      <td>0.21409</td>\n",
       "      <td>22.0</td>\n",
       "      <td>5.86</td>\n",
       "      <td>0</td>\n",
       "      <td>0.431</td>\n",
       "      <td>6.438</td>\n",
       "      <td>8.9</td>\n",
       "      <td>7.3967</td>\n",
       "      <td>7</td>\n",
       "      <td>330</td>\n",
       "      <td>19.1</td>\n",
       "      <td>377.07</td>\n",
       "      <td>3.59</td>\n",
       "      <td>24.8</td>\n",
       "    </tr>\n",
       "    <tr>\n",
       "      <th>82</th>\n",
       "      <td>0.03659</td>\n",
       "      <td>25.0</td>\n",
       "      <td>4.86</td>\n",
       "      <td>0</td>\n",
       "      <td>0.426</td>\n",
       "      <td>6.302</td>\n",
       "      <td>32.2</td>\n",
       "      <td>5.4007</td>\n",
       "      <td>4</td>\n",
       "      <td>281</td>\n",
       "      <td>19.0</td>\n",
       "      <td>396.90</td>\n",
       "      <td>6.72</td>\n",
       "      <td>24.8</td>\n",
       "    </tr>\n",
       "    <tr>\n",
       "      <th>300</th>\n",
       "      <td>0.04417</td>\n",
       "      <td>70.0</td>\n",
       "      <td>2.24</td>\n",
       "      <td>0</td>\n",
       "      <td>0.400</td>\n",
       "      <td>6.871</td>\n",
       "      <td>47.4</td>\n",
       "      <td>7.8278</td>\n",
       "      <td>5</td>\n",
       "      <td>358</td>\n",
       "      <td>14.8</td>\n",
       "      <td>390.86</td>\n",
       "      <td>6.07</td>\n",
       "      <td>24.8</td>\n",
       "    </tr>\n",
       "  </tbody>\n",
       "</table>\n",
       "<p>297 rows × 14 columns</p>\n",
       "</div>"
      ],
      "text/plain": [
       "         CRIM    ZN  INDUS  CHAS    NOX     RM   AGE     DIS  RAD  TAX  \\\n",
       "455   4.75237   0.0  18.10     0  0.713  6.525  86.5  2.4358   24  666   \n",
       "431  10.06230   0.0  18.10     0  0.584  6.833  94.3  2.0882   24  666   \n",
       "448   9.32909   0.0  18.10     0  0.713  6.185  98.7  2.2616   24  666   \n",
       "421   7.02259   0.0  18.10     0  0.718  6.006  95.3  1.8746   24  666   \n",
       "433   5.58107   0.0  18.10     0  0.713  6.436  87.9  2.3158   24  666   \n",
       "..        ...   ...    ...   ...    ...    ...   ...     ...  ...  ...   \n",
       "43    0.15936   0.0   6.91     0  0.448  6.211   6.5  5.7209    3  233   \n",
       "289   0.04297  52.5   5.32     0  0.405  6.565  22.9  7.3172    6  293   \n",
       "251   0.21409  22.0   5.86     0  0.431  6.438   8.9  7.3967    7  330   \n",
       "82    0.03659  25.0   4.86     0  0.426  6.302  32.2  5.4007    4  281   \n",
       "300   0.04417  70.0   2.24     0  0.400  6.871  47.4  7.8278    5  358   \n",
       "\n",
       "     PTRATIO       B  LSTAT  MEDV  \n",
       "455     20.2   50.92  18.13  14.1  \n",
       "431     20.2   81.33  19.69  14.1  \n",
       "448     20.2  396.90  18.13  14.1  \n",
       "421     20.2  319.98  15.70  14.2  \n",
       "433     20.2  100.19  16.22  14.3  \n",
       "..       ...     ...    ...   ...  \n",
       "43      17.9  394.46   7.44  24.7  \n",
       "289     16.6  371.72   9.51  24.8  \n",
       "251     19.1  377.07   3.59  24.8  \n",
       "82      19.0  396.90   6.72  24.8  \n",
       "300     14.8  390.86   6.07  24.8  \n",
       "\n",
       "[297 rows x 14 columns]"
      ]
     },
     "execution_count": 2,
     "metadata": {},
     "output_type": "execute_result"
    }
   ],
   "source": [
    "data = pd.read_csv('data.csv')\n",
    "data.sort_values(by='MEDV',inplace=True)\n",
    "data.loc[(data['MEDV']>14)&(data['MEDV']<25)]"
   ]
  },
  {
   "cell_type": "code",
   "execution_count": 3,
   "metadata": {},
   "outputs": [
    {
     "data": {
      "text/html": [
       "<div>\n",
       "<style scoped>\n",
       "    .dataframe tbody tr th:only-of-type {\n",
       "        vertical-align: middle;\n",
       "    }\n",
       "\n",
       "    .dataframe tbody tr th {\n",
       "        vertical-align: top;\n",
       "    }\n",
       "\n",
       "    .dataframe thead th {\n",
       "        text-align: right;\n",
       "    }\n",
       "</style>\n",
       "<table border=\"1\" class=\"dataframe\">\n",
       "  <thead>\n",
       "    <tr style=\"text-align: right;\">\n",
       "      <th></th>\n",
       "      <th>CRIM</th>\n",
       "      <th>ZN</th>\n",
       "      <th>INDUS</th>\n",
       "      <th>CHAS</th>\n",
       "      <th>NOX</th>\n",
       "      <th>RM</th>\n",
       "      <th>AGE</th>\n",
       "      <th>DIS</th>\n",
       "      <th>RAD</th>\n",
       "      <th>TAX</th>\n",
       "      <th>PTRATIO</th>\n",
       "      <th>B</th>\n",
       "      <th>LSTAT</th>\n",
       "      <th>MEDV</th>\n",
       "    </tr>\n",
       "  </thead>\n",
       "  <tbody>\n",
       "  </tbody>\n",
       "</table>\n",
       "</div>"
      ],
      "text/plain": [
       "Empty DataFrame\n",
       "Columns: [CRIM, ZN, INDUS, CHAS, NOX, RM, AGE, DIS, RAD, TAX, PTRATIO, B, LSTAT, MEDV]\n",
       "Index: []"
      ]
     },
     "execution_count": 3,
     "metadata": {},
     "output_type": "execute_result"
    }
   ],
   "source": [
    "data.loc[data['RM']== 6.208]"
   ]
  },
  {
   "cell_type": "code",
   "execution_count": 4,
   "metadata": {},
   "outputs": [
    {
     "data": {
      "text/html": [
       "<div>\n",
       "<style scoped>\n",
       "    .dataframe tbody tr th:only-of-type {\n",
       "        vertical-align: middle;\n",
       "    }\n",
       "\n",
       "    .dataframe tbody tr th {\n",
       "        vertical-align: top;\n",
       "    }\n",
       "\n",
       "    .dataframe thead th {\n",
       "        text-align: right;\n",
       "    }\n",
       "</style>\n",
       "<table border=\"1\" class=\"dataframe\">\n",
       "  <thead>\n",
       "    <tr style=\"text-align: right;\">\n",
       "      <th></th>\n",
       "      <th>CRIM</th>\n",
       "      <th>ZN</th>\n",
       "      <th>INDUS</th>\n",
       "      <th>CHAS</th>\n",
       "      <th>NOX</th>\n",
       "      <th>RM</th>\n",
       "      <th>AGE</th>\n",
       "      <th>DIS</th>\n",
       "      <th>RAD</th>\n",
       "      <th>TAX</th>\n",
       "      <th>PTRATIO</th>\n",
       "      <th>B</th>\n",
       "      <th>LSTAT</th>\n",
       "      <th>MEDV</th>\n",
       "    </tr>\n",
       "  </thead>\n",
       "  <tbody>\n",
       "    <tr>\n",
       "      <th>10</th>\n",
       "      <td>0.22489</td>\n",
       "      <td>12.5</td>\n",
       "      <td>7.87</td>\n",
       "      <td>0</td>\n",
       "      <td>0.524</td>\n",
       "      <td>NaN</td>\n",
       "      <td>94.3</td>\n",
       "      <td>6.3467</td>\n",
       "      <td>5</td>\n",
       "      <td>311</td>\n",
       "      <td>15.2</td>\n",
       "      <td>392.52</td>\n",
       "      <td>20.45</td>\n",
       "      <td>15.0</td>\n",
       "    </tr>\n",
       "    <tr>\n",
       "      <th>135</th>\n",
       "      <td>0.55778</td>\n",
       "      <td>0.0</td>\n",
       "      <td>21.89</td>\n",
       "      <td>0</td>\n",
       "      <td>0.624</td>\n",
       "      <td>NaN</td>\n",
       "      <td>98.2</td>\n",
       "      <td>2.1107</td>\n",
       "      <td>4</td>\n",
       "      <td>437</td>\n",
       "      <td>21.2</td>\n",
       "      <td>394.67</td>\n",
       "      <td>16.96</td>\n",
       "      <td>18.1</td>\n",
       "    </tr>\n",
       "    <tr>\n",
       "      <th>35</th>\n",
       "      <td>0.06417</td>\n",
       "      <td>0.0</td>\n",
       "      <td>5.96</td>\n",
       "      <td>0</td>\n",
       "      <td>0.499</td>\n",
       "      <td>NaN</td>\n",
       "      <td>68.2</td>\n",
       "      <td>3.3603</td>\n",
       "      <td>5</td>\n",
       "      <td>279</td>\n",
       "      <td>19.2</td>\n",
       "      <td>396.90</td>\n",
       "      <td>9.68</td>\n",
       "      <td>18.9</td>\n",
       "    </tr>\n",
       "    <tr>\n",
       "      <th>96</th>\n",
       "      <td>0.11504</td>\n",
       "      <td>0.0</td>\n",
       "      <td>2.89</td>\n",
       "      <td>0</td>\n",
       "      <td>0.445</td>\n",
       "      <td>NaN</td>\n",
       "      <td>69.6</td>\n",
       "      <td>3.4952</td>\n",
       "      <td>2</td>\n",
       "      <td>276</td>\n",
       "      <td>18.0</td>\n",
       "      <td>391.83</td>\n",
       "      <td>11.34</td>\n",
       "      <td>21.4</td>\n",
       "    </tr>\n",
       "    <tr>\n",
       "      <th>63</th>\n",
       "      <td>0.12650</td>\n",
       "      <td>25.0</td>\n",
       "      <td>5.13</td>\n",
       "      <td>0</td>\n",
       "      <td>0.453</td>\n",
       "      <td>NaN</td>\n",
       "      <td>43.4</td>\n",
       "      <td>7.9809</td>\n",
       "      <td>8</td>\n",
       "      <td>284</td>\n",
       "      <td>19.7</td>\n",
       "      <td>395.58</td>\n",
       "      <td>9.50</td>\n",
       "      <td>25.0</td>\n",
       "    </tr>\n",
       "  </tbody>\n",
       "</table>\n",
       "</div>"
      ],
      "text/plain": [
       "        CRIM    ZN  INDUS  CHAS    NOX  RM   AGE     DIS  RAD  TAX  PTRATIO  \\\n",
       "10   0.22489  12.5   7.87     0  0.524 NaN  94.3  6.3467    5  311     15.2   \n",
       "135  0.55778   0.0  21.89     0  0.624 NaN  98.2  2.1107    4  437     21.2   \n",
       "35   0.06417   0.0   5.96     0  0.499 NaN  68.2  3.3603    5  279     19.2   \n",
       "96   0.11504   0.0   2.89     0  0.445 NaN  69.6  3.4952    2  276     18.0   \n",
       "63   0.12650  25.0   5.13     0  0.453 NaN  43.4  7.9809    8  284     19.7   \n",
       "\n",
       "          B  LSTAT  MEDV  \n",
       "10   392.52  20.45  15.0  \n",
       "135  394.67  16.96  18.1  \n",
       "35   396.90   9.68  18.9  \n",
       "96   391.83  11.34  21.4  \n",
       "63   395.58   9.50  25.0  "
      ]
     },
     "execution_count": 4,
     "metadata": {},
     "output_type": "execute_result"
    }
   ],
   "source": [
    "data.loc[data['RM'].isnull()]"
   ]
  },
  {
   "cell_type": "code",
   "execution_count": 5,
   "metadata": {},
   "outputs": [
    {
     "data": {
      "text/html": [
       "<div>\n",
       "<style scoped>\n",
       "    .dataframe tbody tr th:only-of-type {\n",
       "        vertical-align: middle;\n",
       "    }\n",
       "\n",
       "    .dataframe tbody tr th {\n",
       "        vertical-align: top;\n",
       "    }\n",
       "\n",
       "    .dataframe thead th {\n",
       "        text-align: right;\n",
       "    }\n",
       "</style>\n",
       "<table border=\"1\" class=\"dataframe\">\n",
       "  <thead>\n",
       "    <tr style=\"text-align: right;\">\n",
       "      <th></th>\n",
       "      <th>CRIM</th>\n",
       "      <th>ZN</th>\n",
       "      <th>INDUS</th>\n",
       "      <th>CHAS</th>\n",
       "      <th>NOX</th>\n",
       "      <th>RM</th>\n",
       "      <th>AGE</th>\n",
       "      <th>DIS</th>\n",
       "      <th>RAD</th>\n",
       "      <th>TAX</th>\n",
       "      <th>PTRATIO</th>\n",
       "      <th>B</th>\n",
       "      <th>LSTAT</th>\n",
       "      <th>MEDV</th>\n",
       "    </tr>\n",
       "  </thead>\n",
       "  <tbody>\n",
       "    <tr>\n",
       "      <th>10</th>\n",
       "      <td>0.22489</td>\n",
       "      <td>12.5</td>\n",
       "      <td>7.87</td>\n",
       "      <td>0</td>\n",
       "      <td>0.524</td>\n",
       "      <td>6.0</td>\n",
       "      <td>94.3</td>\n",
       "      <td>6.3467</td>\n",
       "      <td>5</td>\n",
       "      <td>311</td>\n",
       "      <td>15.2</td>\n",
       "      <td>392.52</td>\n",
       "      <td>20.45</td>\n",
       "      <td>15.0</td>\n",
       "    </tr>\n",
       "    <tr>\n",
       "      <th>135</th>\n",
       "      <td>0.55778</td>\n",
       "      <td>0.0</td>\n",
       "      <td>21.89</td>\n",
       "      <td>0</td>\n",
       "      <td>0.624</td>\n",
       "      <td>6.0</td>\n",
       "      <td>98.2</td>\n",
       "      <td>2.1107</td>\n",
       "      <td>4</td>\n",
       "      <td>437</td>\n",
       "      <td>21.2</td>\n",
       "      <td>394.67</td>\n",
       "      <td>16.96</td>\n",
       "      <td>18.1</td>\n",
       "    </tr>\n",
       "    <tr>\n",
       "      <th>35</th>\n",
       "      <td>0.06417</td>\n",
       "      <td>0.0</td>\n",
       "      <td>5.96</td>\n",
       "      <td>0</td>\n",
       "      <td>0.499</td>\n",
       "      <td>6.0</td>\n",
       "      <td>68.2</td>\n",
       "      <td>3.3603</td>\n",
       "      <td>5</td>\n",
       "      <td>279</td>\n",
       "      <td>19.2</td>\n",
       "      <td>396.90</td>\n",
       "      <td>9.68</td>\n",
       "      <td>18.9</td>\n",
       "    </tr>\n",
       "    <tr>\n",
       "      <th>96</th>\n",
       "      <td>0.11504</td>\n",
       "      <td>0.0</td>\n",
       "      <td>2.89</td>\n",
       "      <td>0</td>\n",
       "      <td>0.445</td>\n",
       "      <td>6.0</td>\n",
       "      <td>69.6</td>\n",
       "      <td>3.4952</td>\n",
       "      <td>2</td>\n",
       "      <td>276</td>\n",
       "      <td>18.0</td>\n",
       "      <td>391.83</td>\n",
       "      <td>11.34</td>\n",
       "      <td>21.4</td>\n",
       "    </tr>\n",
       "    <tr>\n",
       "      <th>63</th>\n",
       "      <td>0.12650</td>\n",
       "      <td>25.0</td>\n",
       "      <td>5.13</td>\n",
       "      <td>0</td>\n",
       "      <td>0.453</td>\n",
       "      <td>6.0</td>\n",
       "      <td>43.4</td>\n",
       "      <td>7.9809</td>\n",
       "      <td>8</td>\n",
       "      <td>284</td>\n",
       "      <td>19.7</td>\n",
       "      <td>395.58</td>\n",
       "      <td>9.50</td>\n",
       "      <td>25.0</td>\n",
       "    </tr>\n",
       "  </tbody>\n",
       "</table>\n",
       "</div>"
      ],
      "text/plain": [
       "        CRIM    ZN  INDUS  CHAS    NOX   RM   AGE     DIS  RAD  TAX  PTRATIO  \\\n",
       "10   0.22489  12.5   7.87     0  0.524  6.0  94.3  6.3467    5  311     15.2   \n",
       "135  0.55778   0.0  21.89     0  0.624  6.0  98.2  2.1107    4  437     21.2   \n",
       "35   0.06417   0.0   5.96     0  0.499  6.0  68.2  3.3603    5  279     19.2   \n",
       "96   0.11504   0.0   2.89     0  0.445  6.0  69.6  3.4952    2  276     18.0   \n",
       "63   0.12650  25.0   5.13     0  0.453  6.0  43.4  7.9809    8  284     19.7   \n",
       "\n",
       "          B  LSTAT  MEDV  \n",
       "10   392.52  20.45  15.0  \n",
       "135  394.67  16.96  18.1  \n",
       "35   396.90   9.68  18.9  \n",
       "96   391.83  11.34  21.4  \n",
       "63   395.58   9.50  25.0  "
      ]
     },
     "execution_count": 5,
     "metadata": {},
     "output_type": "execute_result"
    }
   ],
   "source": [
    "median = {'RM':data.RM.median()}\n",
    "data = data.fillna(6.000)\n",
    "data = data.dropna(subset=['RM'],axis=0)\n",
    "data.loc[[10,135,35,96,63],:]"
   ]
  },
  {
   "cell_type": "code",
   "execution_count": 6,
   "metadata": {},
   "outputs": [
    {
     "data": {
      "text/html": [
       "<div>\n",
       "<style scoped>\n",
       "    .dataframe tbody tr th:only-of-type {\n",
       "        vertical-align: middle;\n",
       "    }\n",
       "\n",
       "    .dataframe tbody tr th {\n",
       "        vertical-align: top;\n",
       "    }\n",
       "\n",
       "    .dataframe thead th {\n",
       "        text-align: right;\n",
       "    }\n",
       "</style>\n",
       "<table border=\"1\" class=\"dataframe\">\n",
       "  <thead>\n",
       "    <tr style=\"text-align: right;\">\n",
       "      <th></th>\n",
       "      <th>CRIM</th>\n",
       "      <th>ZN</th>\n",
       "      <th>INDUS</th>\n",
       "      <th>CHAS</th>\n",
       "      <th>NOX</th>\n",
       "      <th>RM</th>\n",
       "      <th>AGE</th>\n",
       "      <th>DIS</th>\n",
       "      <th>RAD</th>\n",
       "      <th>TAX</th>\n",
       "      <th>PTRATIO</th>\n",
       "      <th>B</th>\n",
       "      <th>LSTAT</th>\n",
       "      <th>MEDV</th>\n",
       "    </tr>\n",
       "  </thead>\n",
       "  <tbody>\n",
       "    <tr>\n",
       "      <th>CRIM</th>\n",
       "      <td>1.000000</td>\n",
       "      <td>-0.200469</td>\n",
       "      <td>0.406583</td>\n",
       "      <td>-0.055892</td>\n",
       "      <td>0.420972</td>\n",
       "      <td>-0.217503</td>\n",
       "      <td>0.352734</td>\n",
       "      <td>-0.379670</td>\n",
       "      <td>0.625505</td>\n",
       "      <td>0.582764</td>\n",
       "      <td>0.289946</td>\n",
       "      <td>-0.385064</td>\n",
       "      <td>0.455621</td>\n",
       "      <td>-0.388305</td>\n",
       "    </tr>\n",
       "    <tr>\n",
       "      <th>ZN</th>\n",
       "      <td>-0.200469</td>\n",
       "      <td>1.000000</td>\n",
       "      <td>-0.533828</td>\n",
       "      <td>-0.042697</td>\n",
       "      <td>-0.516604</td>\n",
       "      <td>0.311261</td>\n",
       "      <td>-0.569537</td>\n",
       "      <td>0.664408</td>\n",
       "      <td>-0.311948</td>\n",
       "      <td>-0.314563</td>\n",
       "      <td>-0.391679</td>\n",
       "      <td>0.175520</td>\n",
       "      <td>-0.412995</td>\n",
       "      <td>0.360445</td>\n",
       "    </tr>\n",
       "    <tr>\n",
       "      <th>INDUS</th>\n",
       "      <td>0.406583</td>\n",
       "      <td>-0.533828</td>\n",
       "      <td>1.000000</td>\n",
       "      <td>0.062938</td>\n",
       "      <td>0.763651</td>\n",
       "      <td>-0.390342</td>\n",
       "      <td>0.644779</td>\n",
       "      <td>-0.708027</td>\n",
       "      <td>0.595129</td>\n",
       "      <td>0.720760</td>\n",
       "      <td>0.383248</td>\n",
       "      <td>-0.356977</td>\n",
       "      <td>0.603800</td>\n",
       "      <td>-0.483725</td>\n",
       "    </tr>\n",
       "    <tr>\n",
       "      <th>CHAS</th>\n",
       "      <td>-0.055892</td>\n",
       "      <td>-0.042697</td>\n",
       "      <td>0.062938</td>\n",
       "      <td>1.000000</td>\n",
       "      <td>0.091203</td>\n",
       "      <td>0.092452</td>\n",
       "      <td>0.086518</td>\n",
       "      <td>-0.099176</td>\n",
       "      <td>-0.007368</td>\n",
       "      <td>-0.035587</td>\n",
       "      <td>-0.121515</td>\n",
       "      <td>0.048788</td>\n",
       "      <td>-0.053929</td>\n",
       "      <td>0.175260</td>\n",
       "    </tr>\n",
       "    <tr>\n",
       "      <th>NOX</th>\n",
       "      <td>0.420972</td>\n",
       "      <td>-0.516604</td>\n",
       "      <td>0.763651</td>\n",
       "      <td>0.091203</td>\n",
       "      <td>1.000000</td>\n",
       "      <td>-0.300229</td>\n",
       "      <td>0.731470</td>\n",
       "      <td>-0.769230</td>\n",
       "      <td>0.611441</td>\n",
       "      <td>0.668023</td>\n",
       "      <td>0.188933</td>\n",
       "      <td>-0.380051</td>\n",
       "      <td>0.590879</td>\n",
       "      <td>-0.427321</td>\n",
       "    </tr>\n",
       "    <tr>\n",
       "      <th>RM</th>\n",
       "      <td>-0.217503</td>\n",
       "      <td>0.311261</td>\n",
       "      <td>-0.390342</td>\n",
       "      <td>0.092452</td>\n",
       "      <td>-0.300229</td>\n",
       "      <td>1.000000</td>\n",
       "      <td>-0.240317</td>\n",
       "      <td>0.200462</td>\n",
       "      <td>-0.207998</td>\n",
       "      <td>-0.289784</td>\n",
       "      <td>-0.356157</td>\n",
       "      <td>0.126244</td>\n",
       "      <td>-0.614556</td>\n",
       "      <td>0.696059</td>\n",
       "    </tr>\n",
       "    <tr>\n",
       "      <th>AGE</th>\n",
       "      <td>0.352734</td>\n",
       "      <td>-0.569537</td>\n",
       "      <td>0.644779</td>\n",
       "      <td>0.086518</td>\n",
       "      <td>0.731470</td>\n",
       "      <td>-0.240317</td>\n",
       "      <td>1.000000</td>\n",
       "      <td>-0.747881</td>\n",
       "      <td>0.456022</td>\n",
       "      <td>0.506456</td>\n",
       "      <td>0.261515</td>\n",
       "      <td>-0.273534</td>\n",
       "      <td>0.602339</td>\n",
       "      <td>-0.376955</td>\n",
       "    </tr>\n",
       "    <tr>\n",
       "      <th>DIS</th>\n",
       "      <td>-0.379670</td>\n",
       "      <td>0.664408</td>\n",
       "      <td>-0.708027</td>\n",
       "      <td>-0.099176</td>\n",
       "      <td>-0.769230</td>\n",
       "      <td>0.200462</td>\n",
       "      <td>-0.747881</td>\n",
       "      <td>1.000000</td>\n",
       "      <td>-0.494588</td>\n",
       "      <td>-0.534432</td>\n",
       "      <td>-0.232471</td>\n",
       "      <td>0.291512</td>\n",
       "      <td>-0.496996</td>\n",
       "      <td>0.249929</td>\n",
       "    </tr>\n",
       "    <tr>\n",
       "      <th>RAD</th>\n",
       "      <td>0.625505</td>\n",
       "      <td>-0.311948</td>\n",
       "      <td>0.595129</td>\n",
       "      <td>-0.007368</td>\n",
       "      <td>0.611441</td>\n",
       "      <td>-0.207998</td>\n",
       "      <td>0.456022</td>\n",
       "      <td>-0.494588</td>\n",
       "      <td>1.000000</td>\n",
       "      <td>0.910228</td>\n",
       "      <td>0.464741</td>\n",
       "      <td>-0.444413</td>\n",
       "      <td>0.488676</td>\n",
       "      <td>-0.381626</td>\n",
       "    </tr>\n",
       "    <tr>\n",
       "      <th>TAX</th>\n",
       "      <td>0.582764</td>\n",
       "      <td>-0.314563</td>\n",
       "      <td>0.720760</td>\n",
       "      <td>-0.035587</td>\n",
       "      <td>0.668023</td>\n",
       "      <td>-0.289784</td>\n",
       "      <td>0.506456</td>\n",
       "      <td>-0.534432</td>\n",
       "      <td>0.910228</td>\n",
       "      <td>1.000000</td>\n",
       "      <td>0.460853</td>\n",
       "      <td>-0.441808</td>\n",
       "      <td>0.543993</td>\n",
       "      <td>-0.468536</td>\n",
       "    </tr>\n",
       "    <tr>\n",
       "      <th>PTRATIO</th>\n",
       "      <td>0.289946</td>\n",
       "      <td>-0.391679</td>\n",
       "      <td>0.383248</td>\n",
       "      <td>-0.121515</td>\n",
       "      <td>0.188933</td>\n",
       "      <td>-0.356157</td>\n",
       "      <td>0.261515</td>\n",
       "      <td>-0.232471</td>\n",
       "      <td>0.464741</td>\n",
       "      <td>0.460853</td>\n",
       "      <td>1.000000</td>\n",
       "      <td>-0.177383</td>\n",
       "      <td>0.374044</td>\n",
       "      <td>-0.507787</td>\n",
       "    </tr>\n",
       "    <tr>\n",
       "      <th>B</th>\n",
       "      <td>-0.385064</td>\n",
       "      <td>0.175520</td>\n",
       "      <td>-0.356977</td>\n",
       "      <td>0.048788</td>\n",
       "      <td>-0.380051</td>\n",
       "      <td>0.126244</td>\n",
       "      <td>-0.273534</td>\n",
       "      <td>0.291512</td>\n",
       "      <td>-0.444413</td>\n",
       "      <td>-0.441808</td>\n",
       "      <td>-0.177383</td>\n",
       "      <td>1.000000</td>\n",
       "      <td>-0.366087</td>\n",
       "      <td>0.333461</td>\n",
       "    </tr>\n",
       "    <tr>\n",
       "      <th>LSTAT</th>\n",
       "      <td>0.455621</td>\n",
       "      <td>-0.412995</td>\n",
       "      <td>0.603800</td>\n",
       "      <td>-0.053929</td>\n",
       "      <td>0.590879</td>\n",
       "      <td>-0.614556</td>\n",
       "      <td>0.602339</td>\n",
       "      <td>-0.496996</td>\n",
       "      <td>0.488676</td>\n",
       "      <td>0.543993</td>\n",
       "      <td>0.374044</td>\n",
       "      <td>-0.366087</td>\n",
       "      <td>1.000000</td>\n",
       "      <td>-0.737663</td>\n",
       "    </tr>\n",
       "    <tr>\n",
       "      <th>MEDV</th>\n",
       "      <td>-0.388305</td>\n",
       "      <td>0.360445</td>\n",
       "      <td>-0.483725</td>\n",
       "      <td>0.175260</td>\n",
       "      <td>-0.427321</td>\n",
       "      <td>0.696059</td>\n",
       "      <td>-0.376955</td>\n",
       "      <td>0.249929</td>\n",
       "      <td>-0.381626</td>\n",
       "      <td>-0.468536</td>\n",
       "      <td>-0.507787</td>\n",
       "      <td>0.333461</td>\n",
       "      <td>-0.737663</td>\n",
       "      <td>1.000000</td>\n",
       "    </tr>\n",
       "  </tbody>\n",
       "</table>\n",
       "</div>"
      ],
      "text/plain": [
       "             CRIM        ZN     INDUS      CHAS       NOX        RM       AGE  \\\n",
       "CRIM     1.000000 -0.200469  0.406583 -0.055892  0.420972 -0.217503  0.352734   \n",
       "ZN      -0.200469  1.000000 -0.533828 -0.042697 -0.516604  0.311261 -0.569537   \n",
       "INDUS    0.406583 -0.533828  1.000000  0.062938  0.763651 -0.390342  0.644779   \n",
       "CHAS    -0.055892 -0.042697  0.062938  1.000000  0.091203  0.092452  0.086518   \n",
       "NOX      0.420972 -0.516604  0.763651  0.091203  1.000000 -0.300229  0.731470   \n",
       "RM      -0.217503  0.311261 -0.390342  0.092452 -0.300229  1.000000 -0.240317   \n",
       "AGE      0.352734 -0.569537  0.644779  0.086518  0.731470 -0.240317  1.000000   \n",
       "DIS     -0.379670  0.664408 -0.708027 -0.099176 -0.769230  0.200462 -0.747881   \n",
       "RAD      0.625505 -0.311948  0.595129 -0.007368  0.611441 -0.207998  0.456022   \n",
       "TAX      0.582764 -0.314563  0.720760 -0.035587  0.668023 -0.289784  0.506456   \n",
       "PTRATIO  0.289946 -0.391679  0.383248 -0.121515  0.188933 -0.356157  0.261515   \n",
       "B       -0.385064  0.175520 -0.356977  0.048788 -0.380051  0.126244 -0.273534   \n",
       "LSTAT    0.455621 -0.412995  0.603800 -0.053929  0.590879 -0.614556  0.602339   \n",
       "MEDV    -0.388305  0.360445 -0.483725  0.175260 -0.427321  0.696059 -0.376955   \n",
       "\n",
       "              DIS       RAD       TAX   PTRATIO         B     LSTAT      MEDV  \n",
       "CRIM    -0.379670  0.625505  0.582764  0.289946 -0.385064  0.455621 -0.388305  \n",
       "ZN       0.664408 -0.311948 -0.314563 -0.391679  0.175520 -0.412995  0.360445  \n",
       "INDUS   -0.708027  0.595129  0.720760  0.383248 -0.356977  0.603800 -0.483725  \n",
       "CHAS    -0.099176 -0.007368 -0.035587 -0.121515  0.048788 -0.053929  0.175260  \n",
       "NOX     -0.769230  0.611441  0.668023  0.188933 -0.380051  0.590879 -0.427321  \n",
       "RM       0.200462 -0.207998 -0.289784 -0.356157  0.126244 -0.614556  0.696059  \n",
       "AGE     -0.747881  0.456022  0.506456  0.261515 -0.273534  0.602339 -0.376955  \n",
       "DIS      1.000000 -0.494588 -0.534432 -0.232471  0.291512 -0.496996  0.249929  \n",
       "RAD     -0.494588  1.000000  0.910228  0.464741 -0.444413  0.488676 -0.381626  \n",
       "TAX     -0.534432  0.910228  1.000000  0.460853 -0.441808  0.543993 -0.468536  \n",
       "PTRATIO -0.232471  0.464741  0.460853  1.000000 -0.177383  0.374044 -0.507787  \n",
       "B        0.291512 -0.444413 -0.441808 -0.177383  1.000000 -0.366087  0.333461  \n",
       "LSTAT   -0.496996  0.488676  0.543993  0.374044 -0.366087  1.000000 -0.737663  \n",
       "MEDV     0.249929 -0.381626 -0.468536 -0.507787  0.333461 -0.737663  1.000000  "
      ]
     },
     "execution_count": 6,
     "metadata": {},
     "output_type": "execute_result"
    }
   ],
   "source": [
    "data.corr()#['INDUS','LSTAT','PTRATIO','RAD','TAX','CRIM']"
   ]
  },
  {
   "cell_type": "code",
   "execution_count": 7,
   "metadata": {},
   "outputs": [],
   "source": [
    "# clean_data = data.drop(columns=['INDUS','LSTAT','PTRATIO','RAD','TAX','CRIM','NOX','AGE'])\n",
    "# clean_data"
   ]
  },
  {
   "cell_type": "code",
   "execution_count": 8,
   "metadata": {},
   "outputs": [
    {
     "data": {
      "text/plain": [
       "0    6.0\n",
       "dtype: float64"
      ]
     },
     "execution_count": 8,
     "metadata": {},
     "output_type": "execute_result"
    }
   ],
   "source": [
    "data.RM.mode()"
   ]
  },
  {
   "cell_type": "code",
   "execution_count": 9,
   "metadata": {},
   "outputs": [],
   "source": [
    "# # from pandas.plotting import scatter_matrix\n",
    "# plt.figure(figsize=(10,10))\n",
    "# # scatter_matrix(clean_data)\n",
    "# sns.pairplot(data)\n",
    "# plt.show()\n"
   ]
  },
  {
   "cell_type": "code",
   "execution_count": 10,
   "metadata": {},
   "outputs": [
    {
     "data": {
      "text/plain": [
       "<matplotlib.collections.PathCollection at 0x296ffebab48>"
      ]
     },
     "execution_count": 10,
     "metadata": {},
     "output_type": "execute_result"
    },
    {
     "data": {
