{
 "cells": [
  {
   "cell_type": "code",
   "execution_count": 1,
   "metadata": {},
   "outputs": [],
   "source": [
    "import pandas as pd\n",
    "import numpy as np\n",
    "import matplotlib.pyplot as plt\n",
    "%matplotlib inline"
   ]
  },
  {
   "cell_type": "code",
   "execution_count": 2,
   "metadata": {},
   "outputs": [
    {
     "data": {
      "text/html": [
       "<div>\n",
       "<style scoped>\n",
       "    .dataframe tbody tr th:only-of-type {\n",
       "        vertical-align: middle;\n",
       "    }\n",
       "\n",
       "    .dataframe tbody tr th {\n",
       "        vertical-align: top;\n",
       "    }\n",
       "\n",
       "    .dataframe thead th {\n",
       "        text-align: right;\n",
       "    }\n",
       "</style>\n",
       "<table border=\"1\" class=\"dataframe\">\n",
       "  <thead>\n",
       "    <tr style=\"text-align: right;\">\n",
       "      <th></th>\n",
       "      <th>CRIM</th>\n",
       "      <th>ZN</th>\n",
       "      <th>INDUS</th>\n",
       "      <th>CHAS</th>\n",
       "      <th>NOX</th>\n",
       "      <th>RM</th>\n",
       "      <th>AGE</th>\n",
       "      <th>DIS</th>\n",
       "      <th>RAD</th>\n",
       "      <th>TAX</th>\n",
       "      <th>PTRATIO</th>\n",
       "      <th>B</th>\n",
       "      <th>LSTAT</th>\n",
       "      <th>MEDV</th>\n",
       "    </tr>\n",
       "  </thead>\n",
       "  <tbody>\n",
       "    <tr>\n",
       "      <td>0</td>\n",
       "      <td>0.00632</td>\n",
       "      <td>18.0</td>\n",
       "      <td>2.31</td>\n",
       "      <td>0</td>\n",
       "      <td>0.538</td>\n",
       "      <td>6.575</td>\n",
       "      <td>65.2</td>\n",
       "      <td>4.0900</td>\n",
       "      <td>1</td>\n",
       "      <td>296</td>\n",
       "      <td>15.3</td>\n",
       "      <td>396.90</td>\n",
       "      <td>4.98</td>\n",
       "      <td>24.0</td>\n",
       "    </tr>\n",
       "    <tr>\n",
       "      <td>1</td>\n",
       "      <td>0.02731</td>\n",
       "      <td>0.0</td>\n",
       "      <td>7.07</td>\n",
       "      <td>0</td>\n",
       "      <td>0.469</td>\n",
       "      <td>6.421</td>\n",
       "      <td>78.9</td>\n",
       "      <td>4.9671</td>\n",
       "      <td>2</td>\n",
       "      <td>242</td>\n",
       "      <td>17.8</td>\n",
       "      <td>396.90</td>\n",
       "      <td>9.14</td>\n",
       "      <td>21.6</td>\n",
       "    </tr>\n",
       "    <tr>\n",
       "      <td>2</td>\n",
       "      <td>0.02729</td>\n",
       "      <td>0.0</td>\n",
       "      <td>7.07</td>\n",
       "      <td>0</td>\n",
       "      <td>0.469</td>\n",
       "      <td>7.185</td>\n",
       "      <td>61.1</td>\n",
       "      <td>4.9671</td>\n",
       "      <td>2</td>\n",
       "      <td>242</td>\n",
       "      <td>17.8</td>\n",
       "      <td>392.83</td>\n",
       "      <td>4.03</td>\n",
       "      <td>34.7</td>\n",
       "    </tr>\n",
       "    <tr>\n",
       "      <td>3</td>\n",
       "      <td>0.03237</td>\n",
       "      <td>0.0</td>\n",
       "      <td>2.18</td>\n",
       "      <td>0</td>\n",
       "      <td>0.458</td>\n",
       "      <td>6.998</td>\n",
       "      <td>45.8</td>\n",
       "      <td>6.0622</td>\n",
       "      <td>3</td>\n",
       "      <td>222</td>\n",
       "      <td>18.7</td>\n",
       "      <td>394.63</td>\n",
       "      <td>2.94</td>\n",
       "      <td>33.4</td>\n",
       "    </tr>\n",
       "    <tr>\n",
       "      <td>4</td>\n",
       "      <td>0.06905</td>\n",
       "      <td>0.0</td>\n",
       "      <td>2.18</td>\n",
       "      <td>0</td>\n",
       "      <td>0.458</td>\n",
       "      <td>7.147</td>\n",
       "      <td>54.2</td>\n",
       "      <td>6.0622</td>\n",
       "      <td>3</td>\n",
       "      <td>222</td>\n",
       "      <td>18.7</td>\n",
       "      <td>396.90</td>\n",
       "      <td>5.33</td>\n",
       "      <td>36.2</td>\n",
       "    </tr>\n",
       "    <tr>\n",
       "      <td>...</td>\n",
       "      <td>...</td>\n",
       "      <td>...</td>\n",
       "      <td>...</td>\n",
       "      <td>...</td>\n",
       "      <td>...</td>\n",
       "      <td>...</td>\n",
       "      <td>...</td>\n",
       "      <td>...</td>\n",
       "      <td>...</td>\n",
       "      <td>...</td>\n",
       "      <td>...</td>\n",
       "      <td>...</td>\n",
       "      <td>...</td>\n",
       "      <td>...</td>\n",
       "    </tr>\n",
       "    <tr>\n",
       "      <td>501</td>\n",
       "      <td>0.06263</td>\n",
       "      <td>0.0</td>\n",
       "      <td>11.93</td>\n",
       "      <td>0</td>\n",
       "      <td>0.573</td>\n",
       "      <td>6.593</td>\n",
       "      <td>69.1</td>\n",
       "      <td>2.4786</td>\n",
       "      <td>1</td>\n",
       "      <td>273</td>\n",
       "      <td>21.0</td>\n",
       "      <td>391.99</td>\n",
       "      <td>9.67</td>\n",
       "      <td>22.4</td>\n",
       "    </tr>\n",
       "    <tr>\n",
       "      <td>502</td>\n",
       "      <td>0.04527</td>\n",
       "      <td>0.0</td>\n",
       "      <td>11.93</td>\n",
       "      <td>0</td>\n",
       "      <td>0.573</td>\n",
       "      <td>6.120</td>\n",
       "      <td>76.7</td>\n",
       "      <td>2.2875</td>\n",
       "      <td>1</td>\n",
       "      <td>273</td>\n",
       "      <td>21.0</td>\n",
       "      <td>396.90</td>\n",
       "      <td>9.08</td>\n",
       "      <td>20.6</td>\n",
       "    </tr>\n",
       "    <tr>\n",
       "      <td>503</td>\n",
       "      <td>0.06076</td>\n",
       "      <td>0.0</td>\n",
       "      <td>11.93</td>\n",
       "      <td>0</td>\n",
       "      <td>0.573</td>\n",
       "      <td>6.976</td>\n",
       "      <td>91.0</td>\n",
       "      <td>2.1675</td>\n",
       "      <td>1</td>\n",
       "      <td>273</td>\n",
       "      <td>21.0</td>\n",
       "      <td>396.90</td>\n",
       "      <td>5.64</td>\n",
       "      <td>23.9</td>\n",
       "    </tr>\n",
       "    <tr>\n",
       "      <td>504</td>\n",
       "      <td>0.10959</td>\n",
       "      <td>0.0</td>\n",
       "      <td>11.93</td>\n",
       "      <td>0</td>\n",
       "      <td>0.573</td>\n",
       "      <td>6.794</td>\n",
       "      <td>89.3</td>\n",
       "      <td>2.3889</td>\n",
       "      <td>1</td>\n",
       "      <td>273</td>\n",
       "      <td>21.0</td>\n",
       "      <td>393.45</td>\n",
       "      <td>6.48</td>\n",
       "      <td>22.0</td>\n",
       "    </tr>\n",
       "    <tr>\n",
       "      <td>505</td>\n",
       "      <td>0.04741</td>\n",
       "      <td>0.0</td>\n",
       "      <td>11.93</td>\n",
       "      <td>0</td>\n",
       "      <td>0.573</td>\n",
       "      <td>6.030</td>\n",
       "      <td>80.8</td>\n",
       "      <td>2.5050</td>\n",
       "      <td>1</td>\n",
       "      <td>273</td>\n",
       "      <td>21.0</td>\n",
       "      <td>396.90</td>\n",
       "      <td>7.88</td>\n",
       "      <td>11.9</td>\n",
       "    </tr>\n",
       "  </tbody>\n",
       "</table>\n",
       "<p>477 rows × 14 columns</p>\n",
       "</div>"
      ],
      "text/plain": [
       "        CRIM    ZN  INDUS  CHAS    NOX     RM   AGE     DIS  RAD  TAX  \\\n",
       "0    0.00632  18.0   2.31     0  0.538  6.575  65.2  4.0900    1  296   \n",
       "1    0.02731   0.0   7.07     0  0.469  6.421  78.9  4.9671    2  242   \n",
       "2    0.02729   0.0   7.07     0  0.469  7.185  61.1  4.9671    2  242   \n",
       "3    0.03237   0.0   2.18     0  0.458  6.998  45.8  6.0622    3  222   \n",
       "4    0.06905   0.0   2.18     0  0.458  7.147  54.2  6.0622    3  222   \n",
       "..       ...   ...    ...   ...    ...    ...   ...     ...  ...  ...   \n",
       "501  0.06263   0.0  11.93     0  0.573  6.593  69.1  2.4786    1  273   \n",
       "502  0.04527   0.0  11.93     0  0.573  6.120  76.7  2.2875    1  273   \n",
       "503  0.06076   0.0  11.93     0  0.573  6.976  91.0  2.1675    1  273   \n",
       "504  0.10959   0.0  11.93     0  0.573  6.794  89.3  2.3889    1  273   \n",
       "505  0.04741   0.0  11.93     0  0.573  6.030  80.8  2.5050    1  273   \n",
       "\n",
       "     PTRATIO       B  LSTAT  MEDV  \n",
       "0       15.3  396.90   4.98  24.0  \n",
       "1       17.8  396.90   9.14  21.6  \n",
       "2       17.8  392.83   4.03  34.7  \n",
       "3       18.7  394.63   2.94  33.4  \n",
       "4       18.7  396.90   5.33  36.2  \n",
       "..       ...     ...    ...   ...  \n",
       "501     21.0  391.99   9.67  22.4  \n",
       "502     21.0  396.90   9.08  20.6  \n",
       "503     21.0  396.90   5.64  23.9  \n",
       "504     21.0  393.45   6.48  22.0  \n",
       "505     21.0  396.90   7.88  11.9  \n",
       "\n",
       "[477 rows x 14 columns]"
      ]
     },
     "execution_count": 2,
     "metadata": {},
     "output_type": "execute_result"
    }
   ],
   "source": [
    "data = pd.read_csv(\"data.csv\")\n",
    "data = data.drop(data[data.MEDV==50.0000].index)\n",
    "data = data.drop(data[data.MEDV<=8.0000].index)\n",
    "##data = data.drop(data[data.RM>=8.0000].index)\n",
    "data = data.drop(data[data.RM<=4.0000].index)\n",
    "\n",
    "\n",
    "data"
   ]
  },
  {
   "cell_type": "code",
   "execution_count": 3,
   "metadata": {},
   "outputs": [
    {
     "data": {
      "text/html": [
       "<div>\n",
       "<style scoped>\n",
       "    .dataframe tbody tr th:only-of-type {\n",
       "        vertical-align: middle;\n",
       "    }\n",
       "\n",
       "    .dataframe tbody tr th {\n",
       "        vertical-align: top;\n",
       "    }\n",
       "\n",
       "    .dataframe thead th {\n",
       "        text-align: right;\n",
       "    }\n",
       "</style>\n",
       "<table border=\"1\" class=\"dataframe\">\n",
       "  <thead>\n",
       "    <tr style=\"text-align: right;\">\n",
       "      <th></th>\n",
       "      <th>CRIM</th>\n",
       "      <th>ZN</th>\n",
       "      <th>INDUS</th>\n",
       "      <th>CHAS</th>\n",
       "      <th>NOX</th>\n",
       "      <th>RM</th>\n",
       "      <th>AGE</th>\n",
       "      <th>DIS</th>\n",
       "      <th>RAD</th>\n",
       "      <th>TAX</th>\n",
       "      <th>PTRATIO</th>\n",
       "      <th>B</th>\n",
       "      <th>LSTAT</th>\n",
       "      <th>MEDV</th>\n",
       "    </tr>\n",
       "  </thead>\n",
       "  <tbody>\n",
       "    <tr>\n",
       "      <td>count</td>\n",
       "      <td>477.000000</td>\n",
       "      <td>477.000000</td>\n",
       "      <td>477.000000</td>\n",
       "      <td>477.000000</td>\n",
       "      <td>477.000000</td>\n",
       "      <td>472.000000</td>\n",
       "      <td>477.000000</td>\n",
       "      <td>477.000000</td>\n",
       "      <td>477.000000</td>\n",
       "      <td>477.000000</td>\n",
       "      <td>477.000000</td>\n",
       "      <td>477.000000</td>\n",
       "      <td>477.000000</td>\n",
       "      <td>477.000000</td>\n",
       "    </tr>\n",
       "    <tr>\n",
       "      <td>mean</td>\n",
       "      <td>3.139165</td>\n",
       "      <td>11.415094</td>\n",
       "      <td>10.902516</td>\n",
       "      <td>0.060797</td>\n",
       "      <td>0.550810</td>\n",
       "      <td>6.268100</td>\n",
       "      <td>67.535220</td>\n",
       "      <td>3.895597</td>\n",
       "      <td>9.161426</td>\n",
       "      <td>400.876310</td>\n",
       "      <td>18.474423</td>\n",
       "      <td>357.849644</td>\n",
       "      <td>12.585115</td>\n",
       "      <td>21.967715</td>\n",
       "    </tr>\n",
       "    <tr>\n",
       "      <td>std</td>\n",
       "      <td>7.732128</td>\n",
       "      <td>23.079549</td>\n",
       "      <td>6.778278</td>\n",
       "      <td>0.239208</td>\n",
       "      <td>0.116206</td>\n",
       "      <td>0.630821</td>\n",
       "      <td>28.156628</td>\n",
       "      <td>2.105249</td>\n",
       "      <td>8.492529</td>\n",
       "      <td>164.607157</td>\n",
       "      <td>2.120680</td>\n",
       "      <td>89.850937</td>\n",
       "      <td>6.749619</td>\n",
       "      <td>7.622942</td>\n",
       "    </tr>\n",
       "    <tr>\n",
       "      <td>min</td>\n",
       "      <td>0.006320</td>\n",
       "      <td>0.000000</td>\n",
       "      <td>0.740000</td>\n",
       "      <td>0.000000</td>\n",
       "      <td>0.385000</td>\n",
       "      <td>4.138000</td>\n",
       "      <td>2.900000</td>\n",
       "      <td>1.137000</td>\n",
       "      <td>1.000000</td>\n",
       "      <td>187.000000</td>\n",
       "      <td>12.600000</td>\n",
       "      <td>0.320000</td>\n",
       "      <td>1.980000</td>\n",
       "      <td>8.100000</td>\n",
       "    </tr>\n",
       "    <tr>\n",
       "      <td>25%</td>\n",
       "      <td>0.079780</td>\n",
       "      <td>0.000000</td>\n",
       "      <td>5.130000</td>\n",
       "      <td>0.000000</td>\n",
       "      <td>0.448000</td>\n",
       "      <td>5.888000</td>\n",
       "      <td>42.800000</td>\n",
       "      <td>2.170500</td>\n",
       "      <td>4.000000</td>\n",
       "      <td>279.000000</td>\n",
       "      <td>17.400000</td>\n",
       "      <td>376.140000</td>\n",
       "      <td>7.220000</td>\n",
       "      <td>17.200000</td>\n",
       "    </tr>\n",
       "    <tr>\n",
       "      <td>50%</td>\n",
       "      <td>0.228760</td>\n",
       "      <td>0.000000</td>\n",
       "      <td>8.560000</td>\n",
       "      <td>0.000000</td>\n",
       "      <td>0.524000</td>\n",
       "      <td>6.194000</td>\n",
       "      <td>75.000000</td>\n",
       "      <td>3.370000</td>\n",
       "      <td>5.000000</td>\n",
       "      <td>329.000000</td>\n",
       "      <td>19.000000</td>\n",
       "      <td>391.930000</td>\n",
       "      <td>11.450000</td>\n",
       "      <td>21.100000</td>\n",
       "    </tr>\n",
       "    <tr>\n",
       "      <td>75%</td>\n",
       "      <td>2.733970</td>\n",
       "      <td>12.500000</td>\n",
       "      <td>18.100000</td>\n",
       "      <td>0.000000</td>\n",
       "      <td>0.624000</td>\n",
       "      <td>6.593500</td>\n",
       "      <td>93.400000</td>\n",
       "      <td>5.287300</td>\n",
       "      <td>8.000000</td>\n",
       "      <td>469.000000</td>\n",
       "      <td>20.200000</td>\n",
       "      <td>396.280000</td>\n",
       "      <td>16.650000</td>\n",
       "      <td>24.700000</td>\n",
       "    </tr>\n",
       "    <tr>\n",
       "      <td>max</td>\n",
       "      <td>88.976200</td>\n",
       "      <td>100.000000</td>\n",
       "      <td>27.740000</td>\n",
       "      <td>1.000000</td>\n",
       "      <td>0.871000</td>\n",
       "      <td>8.780000</td>\n",
       "      <td>100.000000</td>\n",
       "      <td>12.126500</td>\n",
       "      <td>24.000000</td>\n",
       "      <td>711.000000</td>\n",
       "      <td>22.000000</td>\n",
       "      <td>396.900000</td>\n",
       "      <td>37.970000</td>\n",
       "      <td>48.800000</td>\n",
       "    </tr>\n",
       "  </tbody>\n",
       "</table>\n",
       "</div>"
      ],
      "text/plain": [
       "             CRIM          ZN       INDUS        CHAS         NOX          RM  \\\n",
       "count  477.000000  477.000000  477.000000  477.000000  477.000000  472.000000   \n",
       "mean     3.139165   11.415094   10.902516    0.060797    0.550810    6.268100   \n",
       "std      7.732128   23.079549    6.778278    0.239208    0.116206    0.630821   \n",
       "min      0.006320    0.000000    0.740000    0.000000    0.385000    4.138000   \n",
       "25%      0.079780    0.000000    5.130000    0.000000    0.448000    5.888000   \n",
       "50%      0.228760    0.000000    8.560000    0.000000    0.524000    6.194000   \n",
       "75%      2.733970   12.500000   18.100000    0.000000    0.624000    6.593500   \n",
       "max     88.976200  100.000000   27.740000    1.000000    0.871000    8.780000   \n",
       "\n",
       "              AGE         DIS         RAD         TAX     PTRATIO           B  \\\n",
       "count  477.000000  477.000000  477.000000  477.000000  477.000000  477.000000   \n",
       "mean    67.535220    3.895597    9.161426  400.876310   18.474423  357.849644   \n",
       "std     28.156628    2.105249    8.492529  164.607157    2.120680   89.850937   \n",
       "min      2.900000    1.137000    1.000000  187.000000   12.600000    0.320000   \n",
       "25%     42.800000    2.170500    4.000000  279.000000   17.400000  376.140000   \n",
       "50%     75.000000    3.370000    5.000000  329.000000   19.000000  391.930000   \n",
       "75%     93.400000    5.287300    8.000000  469.000000   20.200000  396.280000   \n",
       "max    100.000000   12.126500   24.000000  711.000000   22.000000  396.900000   \n",
       "\n",
       "            LSTAT        MEDV  \n",
       "count  477.000000  477.000000  \n",
       "mean    12.585115   21.967715  \n",
       "std      6.749619    7.622942  \n",
       "min      1.980000    8.100000  \n",
       "25%      7.220000   17.200000  \n",
       "50%     11.450000   21.100000  \n",
       "75%     16.650000   24.700000  \n",
       "max     37.970000   48.800000  "
      ]
     },
     "execution_count": 3,
     "metadata": {},
     "output_type": "execute_result"
    }
   ],
   "source": [
    "data.describe()"
   ]
  },
  {
   "cell_type": "code",
   "execution_count": 4,
   "metadata": {},
   "outputs": [
    {
     "name": "stdout",
     "output_type": "stream",
     "text": [
      "<class 'pandas.core.frame.DataFrame'>\n",
      "Int64Index: 477 entries, 0 to 505\n",
      "Data columns (total 14 columns):\n",
      "CRIM       477 non-null float64\n",
      "ZN         477 non-null float64\n",
      "INDUS      477 non-null float64\n",
      "CHAS       477 non-null int64\n",
      "NOX        477 non-null float64\n",
      "RM         472 non-null float64\n",
      "AGE        477 non-null float64\n",
      "DIS        477 non-null float64\n",
      "RAD        477 non-null int64\n",
      "TAX        477 non-null int64\n",
      "PTRATIO    477 non-null float64\n",
      "B          477 non-null float64\n",
      "LSTAT      477 non-null float64\n",
      "MEDV       477 non-null float64\n",
      "dtypes: float64(11), int64(3)\n",
      "memory usage: 55.9 KB\n"
     ]
    }
   ],
   "source": [
    "data.info()"
   ]
  },
  {
   "cell_type": "code",
   "execution_count": 5,
   "metadata": {
    "scrolled": true
   },
   "outputs": [
    {
     "data": {
      "text/html": [
       "<div>\n",
       "<style scoped>\n",
       "    .dataframe tbody tr th:only-of-type {\n",
       "        vertical-align: middle;\n",
       "    }\n",
       "\n",
       "    .dataframe tbody tr th {\n",
       "        vertical-align: top;\n",
       "    }\n",
       "\n",
       "    .dataframe thead th {\n",
       "        text-align: right;\n",
       "    }\n",
       "</style>\n",
       "<table border=\"1\" class=\"dataframe\">\n",
       "  <thead>\n",
       "    <tr style=\"text-align: right;\">\n",
       "      <th></th>\n",
       "      <th>CRIM</th>\n",
       "      <th>ZN</th>\n",
       "      <th>INDUS</th>\n",
       "      <th>CHAS</th>\n",
       "      <th>NOX</th>\n",
       "      <th>RM</th>\n",
       "      <th>AGE</th>\n",
       "      <th>DIS</th>\n",
       "      <th>RAD</th>\n",
       "      <th>TAX</th>\n",
       "      <th>PTRATIO</th>\n",
       "      <th>B</th>\n",
       "      <th>LSTAT</th>\n",
       "      <th>MEDV</th>\n",
       "    </tr>\n",
       "  </thead>\n",
       "  <tbody>\n",
       "    <tr>\n",
       "      <td>CRIM</td>\n",
       "      <td>1.000000</td>\n",
       "      <td>-0.196037</td>\n",
       "      <td>0.407840</td>\n",
       "      <td>-0.056873</td>\n",
       "      <td>0.410234</td>\n",
       "      <td>-0.177032</td>\n",
       "      <td>0.338931</td>\n",
       "      <td>-0.370890</td>\n",
       "      <td>0.627758</td>\n",
       "      <td>0.585678</td>\n",
       "      <td>0.277878</td>\n",
       "      <td>-0.413200</td>\n",
       "      <td>0.411871</td>\n",
       "      <td>-0.408650</td>\n",
       "    </tr>\n",
       "    <tr>\n",
       "      <td>ZN</td>\n",
       "      <td>-0.196037</td>\n",
       "      <td>1.000000</td>\n",
       "      <td>-0.524006</td>\n",
       "      <td>-0.057475</td>\n",
       "      <td>-0.508014</td>\n",
       "      <td>0.309136</td>\n",
       "      <td>-0.559749</td>\n",
       "      <td>0.671722</td>\n",
       "      <td>-0.299642</td>\n",
       "      <td>-0.293017</td>\n",
       "      <td>-0.375731</td>\n",
       "      <td>0.173633</td>\n",
       "      <td>-0.425528</td>\n",
       "      <td>0.402934</td>\n",
       "    </tr>\n",
       "    <tr>\n",
       "      <td>INDUS</td>\n",
       "      <td>0.407840</td>\n",
       "      <td>-0.524006</td>\n",
       "      <td>1.000000</td>\n",
       "      <td>0.044477</td>\n",
       "      <td>0.760898</td>\n",
       "      <td>-0.403002</td>\n",
       "      <td>0.628452</td>\n",
       "      <td>-0.702131</td>\n",
       "      <td>0.588444</td>\n",
       "      <td>0.705982</td>\n",
       "      <td>0.373749</td>\n",
       "      <td>-0.363316</td>\n",
       "      <td>0.632264</td>\n",
       "      <td>-0.587974</td>\n",
       "    </tr>\n",
       "    <tr>\n",
       "      <td>CHAS</td>\n",
       "      <td>-0.056873</td>\n",
       "      <td>-0.057475</td>\n",
       "      <td>0.044477</td>\n",
       "      <td>1.000000</td>\n",
       "      <td>0.094879</td>\n",
       "      <td>0.038322</td>\n",
       "      <td>0.078970</td>\n",
       "      <td>-0.086392</td>\n",
       "      <td>-0.023456</td>\n",
       "      <td>-0.059139</td>\n",
       "      <td>-0.112472</td>\n",
       "      <td>0.037967</td>\n",
       "      <td>0.005884</td>\n",
       "      <td>0.067210</td>\n",
       "    </tr>\n",
       "    <tr>\n",
       "      <td>NOX</td>\n",
       "      <td>0.410234</td>\n",
       "      <td>-0.508014</td>\n",
       "      <td>0.760898</td>\n",
       "      <td>0.094879</td>\n",
       "      <td>1.000000</td>\n",
       "      <td>-0.305025</td>\n",
       "      <td>0.721300</td>\n",
       "      <td>-0.761028</td>\n",
       "      <td>0.595908</td>\n",
       "      <td>0.654075</td>\n",
       "      <td>0.168903</td>\n",
       "      <td>-0.385186</td>\n",
       "      <td>0.604771</td>\n",
       "      <td>-0.508361</td>\n",
       "    </tr>\n",
       "    <tr>\n",
       "      <td>RM</td>\n",
       "      <td>-0.177032</td>\n",
       "      <td>0.309136</td>\n",
       "      <td>-0.403002</td>\n",
       "      <td>0.038322</td>\n",
       "      <td>-0.305025</td>\n",
       "      <td>1.000000</td>\n",
       "      <td>-0.250724</td>\n",
       "      <td>0.219787</td>\n",
       "      <td>-0.156876</td>\n",
       "      <td>-0.247919</td>\n",
       "      <td>-0.283950</td>\n",
       "      <td>0.106949</td>\n",
       "      <td>-0.637070</td>\n",
       "      <td>0.725203</td>\n",
       "    </tr>\n",
       "    <tr>\n",
       "      <td>AGE</td>\n",
       "      <td>0.338931</td>\n",
       "      <td>-0.559749</td>\n",
       "      <td>0.628452</td>\n",
       "      <td>0.078970</td>\n",
       "      <td>0.721300</td>\n",
       "      <td>-0.250724</td>\n",
       "      <td>1.000000</td>\n",
       "      <td>-0.736336</td>\n",
       "      <td>0.434310</td>\n",
       "      <td>0.481018</td>\n",
       "      <td>0.253111</td>\n",
       "      <td>-0.272428</td>\n",
       "      <td>0.637380</td>\n",
       "      <td>-0.478223</td>\n",
       "    </tr>\n",
       "    <tr>\n",
       "      <td>DIS</td>\n",
       "      <td>-0.370890</td>\n",
       "      <td>0.671722</td>\n",
       "      <td>-0.702131</td>\n",
       "      <td>-0.086392</td>\n",
       "      <td>-0.761028</td>\n",
       "      <td>0.219787</td>\n",
       "      <td>-0.736336</td>\n",
       "      <td>1.000000</td>\n",
       "      <td>-0.472377</td>\n",
       "      <td>-0.511888</td>\n",
       "      <td>-0.229297</td>\n",
       "      <td>0.295451</td>\n",
       "      <td>-0.524688</td>\n",
       "      <td>0.344135</td>\n",
       "    </tr>\n",
       "    <tr>\n",
       "      <td>RAD</td>\n",
       "      <td>0.627758</td>\n",
       "      <td>-0.299642</td>\n",
       "      <td>0.588444</td>\n",
       "      <td>-0.023456</td>\n",
       "      <td>0.595908</td>\n",
       "      <td>-0.156876</td>\n",
       "      <td>0.434310</td>\n",
       "      <td>-0.472377</td>\n",
       "      <td>1.000000</td>\n",
       "      <td>0.909069</td>\n",
       "      <td>0.443204</td>\n",
       "      <td>-0.451217</td>\n",
       "      <td>0.483082</td>\n",
       "      <td>-0.449965</td>\n",
       "    </tr>\n",
       "    <tr>\n",
       "      <td>TAX</td>\n",
       "      <td>0.585678</td>\n",
       "      <td>-0.293017</td>\n",
       "      <td>0.705982</td>\n",
       "      <td>-0.059139</td>\n",
       "      <td>0.654075</td>\n",
       "      <td>-0.247919</td>\n",
       "      <td>0.481018</td>\n",
       "      <td>-0.511888</td>\n",
       "      <td>0.909069</td>\n",
       "      <td>1.000000</td>\n",
       "      <td>0.436966</td>\n",
       "      <td>-0.448791</td>\n",
       "      <td>0.541544</td>\n",
       "      <td>-0.548164</td>\n",
       "    </tr>\n",
       "    <tr>\n",
       "      <td>PTRATIO</td>\n",
       "      <td>0.277878</td>\n",
       "      <td>-0.375731</td>\n",
       "      <td>0.373749</td>\n",
       "      <td>-0.112472</td>\n",
       "      <td>0.168903</td>\n",
       "      <td>-0.283950</td>\n",
       "      <td>0.253111</td>\n",
       "      <td>-0.229297</td>\n",
       "      <td>0.443204</td>\n",
       "      <td>0.436966</td>\n",
       "      <td>1.000000</td>\n",
       "      <td>-0.164935</td>\n",
       "      <td>0.343341</td>\n",
       "      <td>-0.511800</td>\n",
       "    </tr>\n",
       "    <tr>\n",
       "      <td>B</td>\n",
       "      <td>-0.413200</td>\n",
       "      <td>0.173633</td>\n",
       "      <td>-0.363316</td>\n",
       "      <td>0.037967</td>\n",
       "      <td>-0.385186</td>\n",
       "      <td>0.106949</td>\n",
       "      <td>-0.272428</td>\n",
       "      <td>0.295451</td>\n",
       "      <td>-0.451217</td>\n",
       "      <td>-0.448791</td>\n",
       "      <td>-0.164935</td>\n",
       "      <td>1.000000</td>\n",
       "      <td>-0.358027</td>\n",
       "      <td>0.367464</td>\n",
       "    </tr>\n",
       "    <tr>\n",
       "      <td>LSTAT</td>\n",
       "      <td>0.411871</td>\n",
       "      <td>-0.425528</td>\n",
       "      <td>0.632264</td>\n",
       "      <td>0.005884</td>\n",
       "      <td>0.604771</td>\n",
       "      <td>-0.637070</td>\n",
       "      <td>0.637380</td>\n",
       "      <td>-0.524688</td>\n",
       "      <td>0.483082</td>\n",
       "      <td>0.541544</td>\n",
       "      <td>0.343341</td>\n",
       "      <td>-0.358027</td>\n",
       "      <td>1.000000</td>\n",
       "      <td>-0.739191</td>\n",
       "    </tr>\n",
       "    <tr>\n",
       "      <td>MEDV</td>\n",
       "      <td>-0.408650</td>\n",
       "      <td>0.402934</td>\n",
       "      <td>-0.587974</td>\n",
       "      <td>0.067210</td>\n",
       "      <td>-0.508361</td>\n",
       "      <td>0.725203</td>\n",
       "      <td>-0.478223</td>\n",
       "      <td>0.344135</td>\n",
       "      <td>-0.449965</td>\n",
       "      <td>-0.548164</td>\n",
       "      <td>-0.511800</td>\n",
       "      <td>0.367464</td>\n",
       "      <td>-0.739191</td>\n",
       "      <td>1.000000</td>\n",
       "    </tr>\n",
       "  </tbody>\n",
       "</table>\n",
       "</div>"
      ],
      "text/plain": [
       "             CRIM        ZN     INDUS      CHAS       NOX        RM       AGE  \\\n",
       "CRIM     1.000000 -0.196037  0.407840 -0.056873  0.410234 -0.177032  0.338931   \n",
       "ZN      -0.196037  1.000000 -0.524006 -0.057475 -0.508014  0.309136 -0.559749   \n",
       "INDUS    0.407840 -0.524006  1.000000  0.044477  0.760898 -0.403002  0.628452   \n",
       "CHAS    -0.056873 -0.057475  0.044477  1.000000  0.094879  0.038322  0.078970   \n",
       "NOX      0.410234 -0.508014  0.760898  0.094879  1.000000 -0.305025  0.721300   \n",
       "RM      -0.177032  0.309136 -0.403002  0.038322 -0.305025  1.000000 -0.250724   \n",
       "AGE      0.338931 -0.559749  0.628452  0.078970  0.721300 -0.250724  1.000000   \n",
       "DIS     -0.370890  0.671722 -0.702131 -0.086392 -0.761028  0.219787 -0.736336   \n",
       "RAD      0.627758 -0.299642  0.588444 -0.023456  0.595908 -0.156876  0.434310   \n",
       "TAX      0.585678 -0.293017  0.705982 -0.059139  0.654075 -0.247919  0.481018   \n",
       "PTRATIO  0.277878 -0.375731  0.373749 -0.112472  0.168903 -0.283950  0.253111   \n",
       "B       -0.413200  0.173633 -0.363316  0.037967 -0.385186  0.106949 -0.272428   \n",
       "LSTAT    0.411871 -0.425528  0.632264  0.005884  0.604771 -0.637070  0.637380   \n",
       "MEDV    -0.408650  0.402934 -0.587974  0.067210 -0.508361  0.725203 -0.478223   \n",
       "\n",
       "              DIS       RAD       TAX   PTRATIO         B     LSTAT      MEDV  \n",
       "CRIM    -0.370890  0.627758  0.585678  0.277878 -0.413200  0.411871 -0.408650  \n",
       "ZN       0.671722 -0.299642 -0.293017 -0.375731  0.173633 -0.425528  0.402934  \n",
       "INDUS   -0.702131  0.588444  0.705982  0.373749 -0.363316  0.632264 -0.587974  \n",
       "CHAS    -0.086392 -0.023456 -0.059139 -0.112472  0.037967  0.005884  0.067210  \n",
       "NOX     -0.761028  0.595908  0.654075  0.168903 -0.385186  0.604771 -0.508361  \n",
       "RM       0.219787 -0.156876 -0.247919 -0.283950  0.106949 -0.637070  0.725203  \n",
       "AGE     -0.736336  0.434310  0.481018  0.253111 -0.272428  0.637380 -0.478223  \n",
       "DIS      1.000000 -0.472377 -0.511888 -0.229297  0.295451 -0.524688  0.344135  \n",
       "RAD     -0.472377  1.000000  0.909069  0.443204 -0.451217  0.483082 -0.449965  \n",
       "TAX     -0.511888  0.909069  1.000000  0.436966 -0.448791  0.541544 -0.548164  \n",
       "PTRATIO -0.229297  0.443204  0.436966  1.000000 -0.164935  0.343341 -0.511800  \n",
       "B        0.295451 -0.451217 -0.448791 -0.164935  1.000000 -0.358027  0.367464  \n",
       "LSTAT   -0.524688  0.483082  0.541544  0.343341 -0.358027  1.000000 -0.739191  \n",
       "MEDV     0.344135 -0.449965 -0.548164 -0.511800  0.367464 -0.739191  1.000000  "
      ]
     },
     "execution_count": 5,
     "metadata": {},
     "output_type": "execute_result"
    }
   ],
   "source": [
    "data.corr()"
   ]
  },
  {
   "cell_type": "code",
   "execution_count": 6,
   "metadata": {},
   "outputs": [
    {
     "data": {
      "text/plain": [
       "<matplotlib.axes._subplots.AxesSubplot at 0x1931f872438>"
      ]
     },
     "execution_count": 6,
     "metadata": {},
     "output_type": "execute_result"
    },
    {
     "data": {
